kinematics:
  shoulder:
    x: 0
    y: 0
    z: 0.1625910793619252
    roll: -0
    pitch: 0
    yaw: -3.549302627497974e-08
  upper_arm:
    x: 4.804983507755689e-05
    y: 0
    z: 0
    roll: 1.571284854671562
    pitch: 0
    yaw: 3.299614180428974e-07
  forearm:
    x: -0.4253441106459796
    y: 0
    z: 0
    roll: 3.135613784511937
    pitch: -3.141070057736458
    yaw: 3.141586729083983
  wrist_1:
    x: -0.3925728011062796
    y: 0.0006489968354132861
    z: 0.1331314018632329
    roll: 3.136717833033344
    pitch: -3.141015973578432
    yaw: 3.141590909378282
  wrist_2:
    x: 0.0001067856231673315
    y: -0.0997929084036093
    z: 1.395779080732322e-05
    roll: 1.570656459233768
    pitch: 0
    yaw: 6.288224463210298e-06
  wrist_3:
    x: 7.253533684802084e-05
    y: 0.09939084845951354
    z: 3.262393358765666e-05
    roll: 1.571124565590738
    pitch: 3.141592653589793
    yaw: 3.141592329732438
  hash: calib_5944445413330663028
